sst_gridpoint,lon,lat,water_temp
"[2215, 3543]",-112.33035959999998,40.6928084,
"[2215, 3544]",-112.3123646,40.6928084,
"[2216, 3542]",-112.3483546,40.710803399999996,
"[2216, 3543]",-112.33035959999998,40.710803399999996,
"[2216, 3544]",-112.3123646,40.710803399999996,
"[2216, 3545]",-112.29436959999998,40.710803399999996,
"[2216, 3546]",-112.2763746,40.710803399999996,
"[2217, 3542]",-112.3483546,40.7287984,
"[2217, 3543]",-112.33035959999998,40.7287984,
"[2217, 3544]",-112.3123646,40.7287984,
"[2217, 3545]",-112.29436959999998,40.7287984,
"[2217, 3546]",-112.2763746,40.7287984,
"[2217, 3547]",-112.25837959999998,40.7287984,
"[2217, 3548]",-112.2403846,40.7287984,
"[2217, 3549]",-112.22238959999999,40.7287984,
"[2218, 3541]",-112.36634959999999,40.7467934,
"[2218, 3542]",-112.3483546,40.7467934,
"[2218, 3543]",-112.33035959999998,40.7467934,
"[2218, 3544]",-112.3123646,40.7467934,
"[2218, 3545]",-112.29436959999998,40.7467934,
"[2218, 3546]",-112.2763746,40.7467934,
"[2218, 3547]",-112.25837959999998,40.7467934,
"[2218, 3548]",-112.2403846,40.7467934,
"[2218, 3549]",-112.22238959999999,40.7467934,
"[2218, 3550]",-112.2043946,40.7467934,
"[2219, 3542]",-112.3483546,40.7647884,
"[2219, 3543]",-112.33035959999998,40.7647884,
"[2219, 3544]",-112.3123646,40.7647884,
"[2219, 3545]",-112.29436959999998,40.7647884,
"[2219, 3546]",-112.2763746,40.7647884,
"[2219, 3547]",-112.25837959999998,40.7647884,
"[2219, 3548]",-112.2403846,40.7647884,
"[2219, 3549]",-112.22238959999999,40.7647884,
"[2219, 3550]",-112.2043946,40.7647884,
"[2219, 3551]",-112.18639959999999,40.7647884,
"[2219, 3552]",-112.16840459999999,40.7647884,
"[2220, 3542]",-112.3483546,40.7827834,
"[2220, 3543]",-112.33035959999998,40.7827834,
"[2220, 3544]",-112.3123646,40.7827834,
"[2220, 3545]",-112.29436959999998,40.7827834,
"[2220, 3546]",-112.2763746,40.7827834,
"[2220, 3547]",-112.25837959999998,40.7827834,
"[2220, 3548]",-112.2403846,40.7827834,
"[2220, 3549]",-112.22238959999999,40.7827834,
"[2220, 3550]",-112.2043946,40.7827834,
"[2220, 3551]",-112.18639959999999,40.7827834,
"[2220, 3552]",-112.16840459999999,40.7827834,
"[2220, 3553]",-112.15040959999999,40.7827834,
"[2221, 3540]",-112.38434459999999,40.8007784,
"[2221, 3541]",-112.36634959999999,40.8007784,
"[2221, 3542]",-112.3483546,40.8007784,
"[2221, 3543]",-112.33035959999998,40.8007784,
"[2221, 3544]",-112.3123646,40.8007784,
"[2221, 3545]",-112.29436959999998,40.8007784,
"[2221, 3546]",-112.2763746,40.8007784,
"[2221, 3547]",-112.25837959999998,40.8007784,
"[2221, 3548]",-112.2403846,40.8007784,
"[2221, 3549]",-112.22238959999999,40.8007784,
"[2221, 3550]",-112.2043946,40.8007784,
"[2221, 3551]",-112.18639959999999,40.8007784,
"[2221, 3552]",-112.16840459999999,40.8007784,
"[2221, 3553]",-112.15040959999999,40.8007784,
"[2221, 3554]",-112.13241459999999,40.8007784,
"[2222, 3539]",-112.40233959999999,40.8187734,
"[2222, 3540]",-112.38434459999999,40.8187734,
"[2222, 3541]",-112.36634959999999,40.8187734,
"[2222, 3542]",-112.3483546,40.8187734,
"[2222, 3543]",-112.33035959999998,40.8187734,
"[2222, 3544]",-112.3123646,40.8187734,
"[2222, 3545]",-112.29436959999998,40.8187734,
"[2222, 3546]",-112.2763746,40.8187734,
"[2222, 3547]",-112.25837959999998,40.8187734,
"[2222, 3548]",-112.2403846,40.8187734,
"[2222, 3549]",-112.22238959999999,40.8187734,
"[2222, 3550]",-112.2043946,40.8187734,
"[2222, 3551]",-112.18639959999999,40.8187734,
"[2222, 3552]",-112.16840459999999,40.8187734,
"[2222, 3553]",-112.15040959999999,40.8187734,
"[2222, 3554]",-112.13241459999999,40.8187734,
"[2223, 3531]",-112.5462996,40.8367684,
"[2223, 3539]",-112.40233959999999,40.8367684,
"[2223, 3540]",-112.38434459999999,40.8367684,
"[2223, 3541]",-112.36634959999999,40.8367684,
"[2223, 3542]",-112.3483546,40.8367684,
"[2223, 3543]",-112.33035959999998,40.8367684,
"[2223, 3544]",-112.3123646,40.8367684,
"[2223, 3545]",-112.29436959999998,40.8367684,
"[2223, 3546]",-112.2763746,40.8367684,
"[2223, 3547]",-112.25837959999998,40.8367684,
"[2223, 3548]",-112.2403846,40.8367684,
"[2223, 3549]",-112.22238959999999,40.8367684,
"[2223, 3550]",-112.2043946,40.8367684,
"[2223, 3551]",-112.18639959999999,40.8367684,
"[2223, 3552]",-112.16840459999999,40.8367684,
"[2223, 3553]",-112.15040959999999,40.8367684,
"[2223, 3554]",-112.13241459999999,40.8367684,
"[2224, 3531]",-112.5462996,40.854763399999996,
"[2224, 3539]",-112.40233959999999,40.854763399999996,
"[2224, 3540]",-112.38434459999999,40.854763399999996,
"[2224, 3541]",-112.36634959999999,40.854763399999996,
"[2224, 3542]",-112.3483546,40.854763399999996,
"[2224, 3543]",-112.33035959999998,40.854763399999996,
"[2224, 3544]",-112.3123646,40.854763399999996,
"[2224, 3545]",-112.29436959999998,40.854763399999996,
"[2224, 3546]",-112.2763746,40.854763399999996,
"[2224, 3547]",-112.25837959999998,40.854763399999996,
"[2224, 3548]",-112.2403846,40.854763399999996,
"[2224, 3549]",-112.22238959999999,40.854763399999996,
"[2224, 3550]",-112.2043946,40.854763399999996,
"[2224, 3551]",-112.18639959999999,40.854763399999996,
"[2224, 3552]",-112.16840459999999,40.854763399999996,
"[2224, 3553]",-112.15040959999999,40.854763399999996,
"[2225, 3529]",-112.5822896,40.8727584,
"[2225, 3530]",-112.56429459999998,40.8727584,
"[2225, 3531]",-112.5462996,40.8727584,
"[2225, 3538]",-112.42033459999999,40.8727584,
"[2225, 3539]",-112.40233959999999,40.8727584,
"[2225, 3540]",-112.38434459999999,40.8727584,
"[2225, 3541]",-112.36634959999999,40.8727584,
"[2225, 3542]",-112.3483546,40.8727584,
"[2225, 3543]",-112.33035959999998,40.8727584,
"[2225, 3544]",-112.3123646,40.8727584,
"[2225, 3545]",-112.29436959999998,40.8727584,
"[2225, 3546]",-112.2763746,40.8727584,
"[2225, 3547]",-112.25837959999998,40.8727584,
"[2225, 3548]",-112.2403846,40.8727584,
"[2225, 3549]",-112.22238959999999,40.8727584,
"[2225, 3550]",-112.2043946,40.8727584,
"[2225, 3552]",-112.16840459999999,40.8727584,
"[2225, 3553]",-112.15040959999999,40.8727584,
"[2226, 3528]",-112.60028459999998,40.8907534,
"[2226, 3529]",-112.5822896,40.8907534,
"[2226, 3530]",-112.56429459999998,40.8907534,
"[2226, 3531]",-112.5462996,40.8907534,
"[2226, 3537]",-112.43832959999999,40.8907534,
"[2226, 3538]",-112.42033459999999,40.8907534,
"[2226, 3539]",-112.40233959999999,40.8907534,
"[2226, 3540]",-112.38434459999999,40.8907534,
"[2226, 3541]",-112.36634959999999,40.8907534,
"[2226, 3542]",-112.3483546,40.8907534,
"[2226, 3543]",-112.33035959999998,40.8907534,
"[2226, 3544]",-112.3123646,40.8907534,
"[2226, 3545]",-112.29436959999998,40.8907534,
"[2226, 3546]",-112.2763746,40.8907534,
"[2226, 3547]",-112.25837959999998,40.8907534,
"[2226, 3548]",-112.2403846,40.8907534,
"[2226, 3549]",-112.22238959999999,40.8907534,
"[2226, 3558]",-112.0604346,40.8907534,
"[2227, 3527]",-112.6182796,40.9087484,
"[2227, 3528]",-112.60028459999998,40.9087484,
"[2227, 3529]",-112.5822896,40.9087484,
"[2227, 3530]",-112.56429459999998,40.9087484,
"[2227, 3531]",-112.5462996,40.9087484,
"[2227, 3532]",-112.52830459999998,40.9087484,
"[2227, 3537]",-112.43832959999999,40.9087484,
"[2227, 3538]",-112.42033459999999,40.9087484,
"[2227, 3539]",-112.40233959999999,40.9087484,
"[2227, 3540]",-112.38434459999999,40.9087484,
"[2227, 3541]",-112.36634959999999,40.9087484,
"[2227, 3542]",-112.3483546,40.9087484,
"[2227, 3543]",-112.33035959999998,40.9087484,
"[2227, 3544]",-112.3123646,40.9087484,
"[2227, 3545]",-112.29436959999998,40.9087484,
"[2227, 3546]",-112.2763746,40.9087484,
"[2227, 3547]",-112.25837959999998,40.9087484,
"[2227, 3548]",-112.2403846,40.9087484,
"[2227, 3557]",-112.07842959999999,40.9087484,
"[2227, 3558]",-112.0604346,40.9087484,
"[2227, 3561]",-112.0064496,40.9087484,
"[2227, 3563]",-111.97045959999998,40.9087484,
"[2228, 3529]",-112.5822896,40.9267434,
"[2228, 3530]",-112.56429459999998,40.9267434,
"[2228, 3531]",-112.5462996,40.9267434,
"[2228, 3532]",-112.52830459999998,40.9267434,
"[2228, 3533]",-112.5103096,40.9267434,
"[2228, 3537]",-112.43832959999999,40.9267434,
"[2228, 3538]",-112.42033459999999,40.9267434,
"[2228, 3539]",-112.40233959999999,40.9267434,
"[2228, 3540]",-112.38434459999999,40.9267434,
"[2228, 3541]",-112.36634959999999,40.9267434,
"[2228, 3542]",-112.3483546,40.9267434,
"[2228, 3543]",-112.33035959999998,40.9267434,
"[2228, 3544]",-112.3123646,40.9267434,
"[2228, 3545]",-112.29436959999998,40.9267434,
"[2228, 3546]",-112.2763746,40.9267434,
"[2228, 3547]",-112.25837959999998,40.9267434,
"[2228, 3548]",-112.2403846,40.9267434,
"[2228, 3556]",-112.09642459999999,40.9267434,
"[2228, 3557]",-112.07842959999999,40.9267434,
"[2228, 3561]",-112.0064496,40.9267434,
"[2228, 3562]",-111.98845459999998,40.9267434,
"[2228, 3563]",-111.97045959999998,40.9267434,
"[2228, 3564]",-111.95246459999998,40.9267434,
"[2228, 3565]",-111.93446959999999,40.9267434,
"[2229, 3530]",-112.56429459999998,40.9447384,
"[2229, 3531]",-112.5462996,40.9447384,
"[2229, 3532]",-112.52830459999998,40.9447384,
"[2229, 3533]",-112.5103096,40.9447384,
"[2229, 3534]",-112.49231459999999,40.9447384,
"[2229, 3535]",-112.47431959999999,40.9447384,
"[2229, 3536]",-112.45632459999999,40.9447384,
"[2229, 3537]",-112.43832959999999,40.9447384,
"[2229, 3538]",-112.42033459999999,40.9447384,
"[2229, 3539]",-112.40233959999999,40.9447384,
"[2229, 3540]",-112.38434459999999,40.9447384,
"[2229, 3541]",-112.36634959999999,40.9447384,
"[2229, 3542]",-112.3483546,40.9447384,
"[2229, 3543]",-112.33035959999998,40.9447384,
"[2229, 3544]",-112.3123646,40.9447384,
"[2229, 3545]",-112.29436959999998,40.9447384,
"[2229, 3546]",-112.2763746,40.9447384,
"[2229, 3547]",-112.25837959999998,40.9447384,
"[2229, 3548]",-112.2403846,40.9447384,
"[2229, 3557]",-112.07842959999999,40.9447384,
"[2229, 3558]",-112.0604346,40.9447384,
"[2229, 3559]",-112.0424396,40.9447384,
"[2229, 3562]",-111.98845459999998,40.9447384,
"[2229, 3563]",-111.97045959999998,40.9447384,
"[2229, 3566]",-111.91647459999999,40.9447384,
"[2230, 3526]",-112.6362746,40.9627334,
"[2230, 3527]",-112.6182796,40.9627334,
"[2230, 3530]",-112.56429459999998,40.9627334,
"[2230, 3534]",-112.49231459999999,40.9627334,
"[2230, 3535]",-112.47431959999999,40.9627334,
"[2230, 3536]",-112.45632459999999,40.9627334,
"[2230, 3537]",-112.43832959999999,40.9627334,
"[2230, 3538]",-112.42033459999999,40.9627334,
"[2230, 3539]",-112.40233959999999,40.9627334,
"[2230, 3540]",-112.38434459999999,40.9627334,
"[2230, 3541]",-112.36634959999999,40.9627334,
"[2230, 3542]",-112.3483546,40.9627334,
"[2230, 3543]",-112.33035959999998,40.9627334,
"[2230, 3544]",-112.3123646,40.9627334,
"[2230, 3545]",-112.29436959999998,40.9627334,
"[2230, 3546]",-112.2763746,40.9627334,
"[2230, 3547]",-112.25837959999998,40.9627334,
"[2230, 3548]",-112.2403846,40.9627334,
"[2230, 3555]",-112.11441959999999,40.9627334,
"[2230, 3556]",-112.09642459999999,40.9627334,
"[2230, 3557]",-112.07842959999999,40.9627334,
"[2230, 3558]",-112.0604346,40.9627334,
"[2230, 3559]",-112.0424396,40.9627334,
"[2230, 3560]",-112.0244446,40.9627334,
"[2230, 3561]",-112.0064496,40.9627334,
"[2230, 3562]",-111.98845459999998,40.9627334,
"[2230, 3563]",-111.97045959999998,40.9627334,
"[2230, 3566]",-111.91647459999999,40.9627334,
"[2231, 3523]",-112.69025959999999,40.9807284,
"[2231, 3525]",-112.65426959999999,40.9807284,
"[2231, 3526]",-112.6362746,40.9807284,
"[2231, 3534]",-112.49231459999999,40.9807284,
"[2231, 3535]",-112.47431959999999,40.9807284,
"[2231, 3536]",-112.45632459999999,40.9807284,
"[2231, 3537]",-112.43832959999999,40.9807284,
"[2231, 3538]",-112.42033459999999,40.9807284,
"[2231, 3539]",-112.40233959999999,40.9807284,
"[2231, 3540]",-112.38434459999999,40.9807284,
"[2231, 3541]",-112.36634959999999,40.9807284,
"[2231, 3542]",-112.3483546,40.9807284,
"[2231, 3543]",-112.33035959999998,40.9807284,
"[2231, 3544]",-112.3123646,40.9807284,
"[2231, 3545]",-112.29436959999998,40.9807284,
"[2231, 3546]",-112.2763746,40.9807284,
"[2231, 3547]",-112.25837959999998,40.9807284,
"[2231, 3548]",-112.2403846,40.9807284,
"[2231, 3556]",-112.09642459999999,40.9807284,
"[2231, 3557]",-112.07842959999999,40.9807284,
"[2231, 3558]",-112.0604346,40.9807284,
"[2231, 3559]",-112.0424396,40.9807284,
"[2231, 3560]",-112.0244446,40.9807284,
"[2231, 3561]",-112.0064496,40.9807284,
"[2231, 3562]",-111.98845459999998,40.9807284,
"[2231, 3563]",-111.97045959999998,40.9807284,
"[2232, 3522]",-112.70825459999999,40.9987234,
"[2232, 3523]",-112.69025959999999,40.9987234,
"[2232, 3524]",-112.67226459999999,40.9987234,
"[2232, 3525]",-112.65426959999999,40.9987234,
"[2232, 3526]",-112.6362746,40.9987234,
"[2232, 3534]",-112.49231459999999,40.9987234,
"[2232, 3535]",-112.47431959999999,40.9987234,
"[2232, 3536]",-112.45632459999999,40.9987234,
"[2232, 3537]",-112.43832959999999,40.9987234,
"[2232, 3538]",-112.42033459999999,40.9987234,
"[2232, 3539]",-112.40233959999999,40.9987234,
"[2232, 3540]",-112.38434459999999,40.9987234,
"[2232, 3541]",-112.36634959999999,40.9987234,
"[2232, 3542]",-112.3483546,40.9987234,
"[2232, 3543]",-112.33035959999998,40.9987234,
"[2232, 3544]",-112.3123646,40.9987234,
"[2232, 3545]",-112.29436959999998,40.9987234,
"[2232, 3546]",-112.2763746,40.9987234,
"[2232, 3547]",-112.25837959999998,40.9987234,
"[2232, 3548]",-112.2403846,40.9987234,
"[2232, 3555]",-112.11441959999999,40.9987234,
"[2232, 3556]",-112.09642459999999,40.9987234,
"[2232, 3557]",-112.07842959999999,40.9987234,
"[2232, 3560]",-112.0244446,40.9987234,
"[2233, 3523]",-112.69025959999999,41.0167184,
"[2233, 3524]",-112.67226459999999,41.0167184,
"[2233, 3525]",-112.65426959999999,41.0167184,
"[2233, 3526]",-112.6362746,41.0167184,
"[2233, 3532]",-112.52830459999998,41.0167184,
"[2233, 3533]",-112.5103096,41.0167184,
"[2233, 3534]",-112.49231459999999,41.0167184,
"[2233, 3535]",-112.47431959999999,41.0167184,
"[2233, 3536]",-112.45632459999999,41.0167184,
"[2233, 3537]",-112.43832959999999,41.0167184,
"[2233, 3538]",-112.42033459999999,41.0167184,
"[2233, 3539]",-112.40233959999999,41.0167184,
"[2233, 3540]",-112.38434459999999,41.0167184,
"[2233, 3541]",-112.36634959999999,41.0167184,
"[2233, 3542]",-112.3483546,41.0167184,
"[2233, 3543]",-112.33035959999998,41.0167184,
"[2233, 3544]",-112.3123646,41.0167184,
"[2233, 3545]",-112.29436959999998,41.0167184,
"[2233, 3546]",-112.2763746,41.0167184,
"[2233, 3547]",-112.25837959999998,41.0167184,
"[2233, 3548]",-112.2403846,41.0167184,
"[2233, 3555]",-112.11441959999999,41.0167184,
"[2233, 3556]",-112.09642459999999,41.0167184,
"[2233, 3557]",-112.07842959999999,41.0167184,
"[2234, 3522]",-112.70825459999999,41.0347134,
"[2234, 3523]",-112.69025959999999,41.0347134,
"[2234, 3524]",-112.67226459999999,41.0347134,
"[2234, 3525]",-112.65426959999999,41.0347134,
"[2234, 3526]",-112.6362746,41.0347134,
"[2234, 3531]",-112.5462996,41.0347134,
"[2234, 3532]",-112.52830459999998,41.0347134,
"[2234, 3533]",-112.5103096,41.0347134,
"[2234, 3534]",-112.49231459999999,41.0347134,
"[2234, 3535]",-112.47431959999999,41.0347134,
"[2234, 3536]",-112.45632459999999,41.0347134,
"[2234, 3537]",-112.43832959999999,41.0347134,
"[2234, 3538]",-112.42033459999999,41.0347134,
"[2234, 3539]",-112.40233959999999,41.0347134,
"[2234, 3540]",-112.38434459999999,41.0347134,
"[2234, 3541]",-112.36634959999999,41.0347134,
"[2234, 3542]",-112.3483546,41.0347134,
"[2234, 3543]",-112.33035959999998,41.0347134,
"[2234, 3544]",-112.3123646,41.0347134,
"[2234, 3545]",-112.29436959999998,41.0347134,
"[2234, 3546]",-112.2763746,41.0347134,
"[2234, 3547]",-112.25837959999998,41.0347134,
"[2234, 3554]",-112.13241459999999,41.0347134,
"[2234, 3555]",-112.11441959999999,41.0347134,
"[2234, 3556]",-112.09642459999999,41.0347134,
"[2234, 3557]",-112.07842959999999,41.0347134,
"[2235, 3522]",-112.70825459999999,41.0527084,
"[2235, 3523]",-112.69025959999999,41.0527084,
"[2235, 3524]",-112.67226459999999,41.0527084,
"[2235, 3525]",-112.65426959999999,41.0527084,
"[2235, 3526]",-112.6362746,41.0527084,
"[2235, 3527]",-112.6182796,41.0527084,
"[2235, 3528]",-112.60028459999998,41.0527084,
"[2235, 3529]",-112.5822896,41.0527084,
"[2235, 3530]",-112.56429459999998,41.0527084,
"[2235, 3531]",-112.5462996,41.0527084,
"[2235, 3532]",-112.52830459999998,41.0527084,
"[2235, 3533]",-112.5103096,41.0527084,
"[2235, 3534]",-112.49231459999999,41.0527084,
"[2235, 3535]",-112.47431959999999,41.0527084,
"[2235, 3536]",-112.45632459999999,41.0527084,
"[2235, 3537]",-112.43832959999999,41.0527084,
"[2235, 3538]",-112.42033459999999,41.0527084,
"[2235, 3539]",-112.40233959999999,41.0527084,
"[2235, 3540]",-112.38434459999999,41.0527084,
"[2235, 3541]",-112.36634959999999,41.0527084,
"[2235, 3542]",-112.3483546,41.0527084,
"[2235, 3543]",-112.33035959999998,41.0527084,
"[2235, 3544]",-112.3123646,41.0527084,
"[2235, 3545]",-112.29436959999998,41.0527084,
"[2235, 3546]",-112.2763746,41.0527084,
"[2235, 3547]",-112.25837959999998,41.0527084,
"[2235, 3548]",-112.2403846,41.0527084,
"[2235, 3549]",-112.22238959999999,41.0527084,
"[2235, 3554]",-112.13241459999999,41.0527084,
"[2235, 3555]",-112.11441959999999,41.0527084,
"[2235, 3556]",-112.09642459999999,41.0527084,
"[2236, 3522]",-112.70825459999999,41.0707034,
"[2236, 3523]",-112.69025959999999,41.0707034,
"[2236, 3524]",-112.67226459999999,41.0707034,
"[2236, 3525]",-112.65426959999999,41.0707034,
"[2236, 3526]",-112.6362746,41.0707034,
"[2236, 3527]",-112.6182796,41.0707034,
"[2236, 3529]",-112.5822896,41.0707034,
"[2236, 3530]",-112.56429459999998,41.0707034,
"[2236, 3531]",-112.5462996,41.0707034,
"[2236, 3532]",-112.52830459999998,41.0707034,
"[2236, 3533]",-112.5103096,41.0707034,
"[2236, 3534]",-112.49231459999999,41.0707034,
"[2236, 3535]",-112.47431959999999,41.0707034,
"[2236, 3536]",-112.45632459999999,41.0707034,
"[2236, 3537]",-112.43832959999999,41.0707034,
"[2236, 3538]",-112.42033459999999,41.0707034,
"[2236, 3539]",-112.40233959999999,41.0707034,
"[2236, 3540]",-112.38434459999999,41.0707034,
"[2236, 3541]",-112.36634959999999,41.0707034,
"[2236, 3542]",-112.3483546,41.0707034,
"[2236, 3543]",-112.33035959999998,41.0707034,
"[2236, 3544]",-112.3123646,41.0707034,
"[2236, 3545]",-112.29436959999998,41.0707034,
"[2236, 3546]",-112.2763746,41.0707034,
"[2236, 3547]",-112.25837959999998,41.0707034,
"[2236, 3548]",-112.2403846,41.0707034,
"[2236, 3549]",-112.22238959999999,41.0707034,
"[2236, 3551]",-112.18639959999999,41.0707034,
"[2236, 3552]",-112.16840459999999,41.0707034,
"[2236, 3553]",-112.15040959999999,41.0707034,
"[2236, 3554]",-112.13241459999999,41.0707034,
"[2237, 3521]",-112.72624959999999,41.0886984,
"[2237, 3522]",-112.70825459999999,41.0886984,
"[2237, 3523]",-112.69025959999999,41.0886984,
"[2237, 3524]",-112.67226459999999,41.0886984,
"[2237, 3525]",-112.65426959999999,41.0886984,
"[2237, 3526]",-112.6362746,41.0886984,
"[2237, 3527]",-112.6182796,41.0886984,
"[2237, 3528]",-112.60028459999998,41.0886984,
"[2237, 3529]",-112.5822896,41.0886984,
"[2237, 3530]",-112.56429459999998,41.0886984,
"[2237, 3531]",-112.5462996,41.0886984,
"[2237, 3532]",-112.52830459999998,41.0886984,
"[2237, 3533]",-112.5103096,41.0886984,
"[2237, 3534]",-112.49231459999999,41.0886984,
"[2237, 3535]",-112.47431959999999,41.0886984,
"[2237, 3536]",-112.45632459999999,41.0886984,
"[2237, 3537]",-112.43832959999999,41.0886984,
"[2237, 3538]",-112.42033459999999,41.0886984,
"[2237, 3539]",-112.40233959999999,41.0886984,
"[2237, 3540]",-112.38434459999999,41.0886984,
"[2237, 3541]",-112.36634959999999,41.0886984,
"[2237, 3542]",-112.3483546,41.0886984,
"[2237, 3543]",-112.33035959999998,41.0886984,
"[2237, 3544]",-112.3123646,41.0886984,
"[2237, 3545]",-112.29436959999998,41.0886984,
"[2237, 3546]",-112.2763746,41.0886984,
"[2237, 3547]",-112.25837959999998,41.0886984,
"[2237, 3548]",-112.2403846,41.0886984,
"[2237, 3549]",-112.22238959999999,41.0886984,
"[2237, 3550]",-112.2043946,41.0886984,
"[2237, 3551]",-112.18639959999999,41.0886984,
"[2237, 3552]",-112.16840459999999,41.0886984,
"[2238, 3521]",-112.72624959999999,41.1066934,
"[2238, 3522]",-112.70825459999999,41.1066934,
"[2238, 3523]",-112.69025959999999,41.1066934,
"[2238, 3524]",-112.67226459999999,41.1066934,
"[2238, 3525]",-112.65426959999999,41.1066934,
"[2238, 3526]",-112.6362746,41.1066934,
"[2238, 3527]",-112.6182796,41.1066934,
"[2238, 3528]",-112.60028459999998,41.1066934,
"[2238, 3529]",-112.5822896,41.1066934,
"[2238, 3530]",-112.56429459999998,41.1066934,
"[2238, 3531]",-112.5462996,41.1066934,
"[2238, 3532]",-112.52830459999998,41.1066934,
"[2238, 3533]",-112.5103096,41.1066934,
"[2238, 3534]",-112.49231459999999,41.1066934,
"[2238, 3535]",-112.47431959999999,41.1066934,
"[2238, 3536]",-112.45632459999999,41.1066934,
"[2238, 3537]",-112.43832959999999,41.1066934,
"[2238, 3538]",-112.42033459999999,41.1066934,
"[2238, 3539]",-112.40233959999999,41.1066934,
"[2238, 3540]",-112.38434459999999,41.1066934,
"[2238, 3541]",-112.36634959999999,41.1066934,
"[2238, 3542]",-112.3483546,41.1066934,
"[2238, 3543]",-112.33035959999998,41.1066934,
"[2238, 3544]",-112.3123646,41.1066934,
"[2238, 3545]",-112.29436959999998,41.1066934,
"[2238, 3546]",-112.2763746,41.1066934,
"[2238, 3547]",-112.25837959999998,41.1066934,
"[2238, 3548]",-112.2403846,41.1066934,
"[2238, 3549]",-112.22238959999999,41.1066934,
"[2239, 3520]",-112.74424459999999,41.1246884,
"[2239, 3521]",-112.72624959999999,41.1246884,
"[2239, 3522]",-112.70825459999999,41.1246884,
"[2239, 3523]",-112.69025959999999,41.1246884,
"[2239, 3524]",-112.67226459999999,41.1246884,
"[2239, 3525]",-112.65426959999999,41.1246884,
"[2239, 3526]",-112.6362746,41.1246884,
"[2239, 3527]",-112.6182796,41.1246884,
"[2239, 3528]",-112.60028459999998,41.1246884,
"[2239, 3529]",-112.5822896,41.1246884,
"[2239, 3530]",-112.56429459999998,41.1246884,
"[2239, 3531]",-112.5462996,41.1246884,
"[2239, 3532]",-112.52830459999998,41.1246884,
"[2239, 3533]",-112.5103096,41.1246884,
"[2239, 3534]",-112.49231459999999,41.1246884,
"[2239, 3535]",-112.47431959999999,41.1246884,
"[2239, 3536]",-112.45632459999999,41.1246884,
"[2239, 3537]",-112.43832959999999,41.1246884,
"[2239, 3538]",-112.42033459999999,41.1246884,
"[2239, 3539]",-112.40233959999999,41.1246884,
"[2239, 3540]",-112.38434459999999,41.1246884,
"[2239, 3541]",-112.36634959999999,41.1246884,
"[2239, 3542]",-112.3483546,41.1246884,
"[2239, 3543]",-112.33035959999998,41.1246884,
"[2239, 3544]",-112.3123646,41.1246884,
"[2239, 3545]",-112.29436959999998,41.1246884,
"[2239, 3546]",-112.2763746,41.1246884,
"[2239, 3547]",-112.25837959999998,41.1246884,
"[2239, 3548]",-112.2403846,41.1246884,
"[2239, 3550]",-112.2043946,41.1246884,
"[2239, 3551]",-112.18639959999999,41.1246884,
"[2240, 3520]",-112.74424459999999,41.1426834,
"[2240, 3521]",-112.72624959999999,41.1426834,
"[2240, 3522]",-112.70825459999999,41.1426834,
"[2240, 3523]",-112.69025959999999,41.1426834,
"[2240, 3524]",-112.67226459999999,41.1426834,
"[2240, 3525]",-112.65426959999999,41.1426834,
"[2240, 3526]",-112.6362746,41.1426834,
"[2240, 3527]",-112.6182796,41.1426834,
"[2240, 3528]",-112.60028459999998,41.1426834,
"[2240, 3529]",-112.5822896,41.1426834,
"[2240, 3530]",-112.56429459999998,41.1426834,
"[2240, 3531]",-112.5462996,41.1426834,
"[2240, 3532]",-112.52830459999998,41.1426834,
"[2240, 3533]",-112.5103096,41.1426834,
"[2240, 3534]",-112.49231459999999,41.1426834,
"[2240, 3535]",-112.47431959999999,41.1426834,
"[2240, 3536]",-112.45632459999999,41.1426834,
"[2240, 3537]",-112.43832959999999,41.1426834,
"[2240, 3538]",-112.42033459999999,41.1426834,
"[2240, 3539]",-112.40233959999999,41.1426834,
"[2240, 3540]",-112.38434459999999,41.1426834,
"[2240, 3541]",-112.36634959999999,41.1426834,
"[2240, 3542]",-112.3483546,41.1426834,
"[2240, 3543]",-112.33035959999998,41.1426834,
"[2240, 3544]",-112.3123646,41.1426834,
"[2240, 3546]",-112.2763746,41.1426834,
"[2240, 3547]",-112.25837959999998,41.1426834,
"[2240, 3549]",-112.22238959999999,41.1426834,
"[2240, 3550]",-112.2043946,41.1426834,
"[2240, 3551]",-112.18639959999999,41.1426834,
"[2241, 3520]",-112.74424459999999,41.1606784,
"[2241, 3521]",-112.72624959999999,41.1606784,
"[2241, 3522]",-112.70825459999999,41.1606784,
"[2241, 3523]",-112.69025959999999,41.1606784,
"[2241, 3524]",-112.67226459999999,41.1606784,
"[2241, 3525]",-112.65426959999999,41.1606784,
"[2241, 3526]",-112.6362746,41.1606784,
"[2241, 3527]",-112.6182796,41.1606784,
"[2241, 3528]",-112.60028459999998,41.1606784,
"[2241, 3529]",-112.5822896,41.1606784,
"[2241, 3530]",-112.56429459999998,41.1606784,
"[2241, 3531]",-112.5462996,41.1606784,
"[2241, 3532]",-112.52830459999998,41.1606784,
"[2241, 3533]",-112.5103096,41.1606784,
"[2241, 3534]",-112.49231459999999,41.1606784,
"[2241, 3535]",-112.47431959999999,41.1606784,
"[2241, 3536]",-112.45632459999999,41.1606784,
"[2241, 3537]",-112.43832959999999,41.1606784,
"[2241, 3538]",-112.42033459999999,41.1606784,
"[2241, 3539]",-112.40233959999999,41.1606784,
"[2241, 3540]",-112.38434459999999,41.1606784,
"[2241, 3541]",-112.36634959999999,41.1606784,
"[2241, 3542]",-112.3483546,41.1606784,
"[2241, 3543]",-112.33035959999998,41.1606784,
"[2241, 3548]",-112.2403846,41.1606784,
"[2241, 3549]",-112.22238959999999,41.1606784,
"[2242, 3520]",-112.74424459999999,41.1786734,
"[2242, 3521]",-112.72624959999999,41.1786734,
"[2242, 3522]",-112.70825459999999,41.1786734,
"[2242, 3523]",-112.69025959999999,41.1786734,72.03
"[2242, 3524]",-112.67226459999999,41.1786734,72.03
"[2242, 3525]",-112.65426959999999,41.1786734,
"[2242, 3526]",-112.6362746,41.1786734,
"[2242, 3527]",-112.6182796,41.1786734,
"[2242, 3528]",-112.60028459999998,41.1786734,
"[2242, 3529]",-112.5822896,41.1786734,
"[2242, 3530]",-112.56429459999998,41.1786734,
"[2242, 3531]",-112.5462996,41.1786734,
"[2242, 3532]",-112.52830459999998,41.1786734,
"[2242, 3533]",-112.5103096,41.1786734,
"[2242, 3534]",-112.49231459999999,41.1786734,
"[2242, 3535]",-112.47431959999999,41.1786734,
"[2242, 3536]",-112.45632459999999,41.1786734,
"[2242, 3537]",-112.43832959999999,41.1786734,
"[2242, 3538]",-112.42033459999999,41.1786734,
"[2242, 3539]",-112.40233959999999,41.1786734,
"[2242, 3540]",-112.38434459999999,41.1786734,
"[2242, 3541]",-112.36634959999999,41.1786734,
"[2242, 3543]",-112.33035959999998,41.1786734,
"[2242, 3547]",-112.25837959999998,41.1786734,
"[2242, 3548]",-112.2403846,41.1786734,
"[2243, 3518]",-112.7802346,41.1966684,
"[2243, 3519]",-112.76223959999999,41.1966684,
"[2243, 3520]",-112.74424459999999,41.1966684,
"[2243, 3521]",-112.72624959999999,41.1966684,
"[2243, 3522]",-112.70825459999999,41.1966684,
"[2243, 3523]",-112.69025959999999,41.1966684,72.39
"[2243, 3524]",-112.67226459999999,41.1966684,72.39
"[2243, 3525]",-112.65426959999999,41.1966684,72.39
"[2243, 3526]",-112.6362746,41.1966684,
"[2243, 3527]",-112.6182796,41.1966684,
"[2243, 3528]",-112.60028459999998,41.1966684,
"[2243, 3529]",-112.5822896,41.1966684,
"[2243, 3530]",-112.56429459999998,41.1966684,
"[2243, 3531]",-112.5462996,41.1966684,
"[2243, 3532]",-112.52830459999998,41.1966684,
"[2243, 3533]",-112.5103096,41.1966684,
"[2243, 3534]",-112.49231459999999,41.1966684,
"[2243, 3535]",-112.47431959999999,41.1966684,
"[2243, 3536]",-112.45632459999999,41.1966684,
"[2243, 3537]",-112.43832959999999,41.1966684,
"[2243, 3538]",-112.42033459999999,41.1966684,
"[2243, 3539]",-112.40233959999999,41.1966684,
"[2243, 3540]",-112.38434459999999,41.1966684,
"[2243, 3541]",-112.36634959999999,41.1966684,
"[2243, 3545]",-112.29436959999998,41.1966684,
"[2243, 3546]",-112.2763746,41.1966684,
"[2243, 3547]",-112.25837959999998,41.1966684,
"[2244, 3518]",-112.7802346,41.2146634,
"[2244, 3519]",-112.76223959999999,41.2146634,
"[2244, 3520]",-112.74424459999999,41.2146634,
"[2244, 3521]",-112.72624959999999,41.2146634,
"[2244, 3522]",-112.70825459999999,41.2146634,72.03
"[2244, 3523]",-112.69025959999999,41.2146634,72.39
"[2244, 3524]",-112.67226459999999,41.2146634,72.39
"[2244, 3525]",-112.65426959999999,41.2146634,
"[2244, 3526]",-112.6362746,41.2146634,
"[2244, 3527]",-112.6182796,41.2146634,
"[2244, 3528]",-112.60028459999998,41.2146634,72.75
"[2244, 3529]",-112.5822896,41.2146634,
"[2244, 3530]",-112.56429459999998,41.2146634,
"[2244, 3531]",-112.5462996,41.2146634,
"[2244, 3532]",-112.52830459999998,41.2146634,
"[2244, 3533]",-112.5103096,41.2146634,
"[2244, 3534]",-112.49231459999999,41.2146634,
"[2244, 3538]",-112.42033459999999,41.2146634,
"[2244, 3540]",-112.38434459999999,41.2146634,
"[2244, 3541]",-112.36634959999999,41.2146634,
"[2244, 3542]",-112.3483546,41.2146634,
"[2244, 3543]",-112.33035959999998,41.2146634,
"[2244, 3544]",-112.3123646,41.2146634,
"[2244, 3545]",-112.29436959999998,41.2146634,
"[2244, 3546]",-112.2763746,41.2146634,
"[2245, 3518]",-112.7802346,41.2326584,
"[2245, 3519]",-112.76223959999999,41.2326584,
"[2245, 3520]",-112.74424459999999,41.2326584,
"[2245, 3521]",-112.72624959999999,41.2326584,
"[2245, 3522]",-112.70825459999999,41.2326584,
"[2245, 3523]",-112.69025959999999,41.2326584,72.75
"[2245, 3524]",-112.67226459999999,41.2326584,72.75
"[2245, 3525]",-112.65426959999999,41.2326584,72.39
"[2245, 3526]",-112.6362746,41.2326584,
"[2245, 3527]",-112.6182796,41.2326584,73.11
"[2245, 3528]",-112.60028459999998,41.2326584,73.11
"[2245, 3529]",-112.5822896,41.2326584,
"[2245, 3530]",-112.56429459999998,41.2326584,
"[2245, 3531]",-112.5462996,41.2326584,
"[2245, 3532]",-112.52830459999998,41.2326584,
"[2245, 3533]",-112.5103096,41.2326584,
"[2245, 3534]",-112.49231459999999,41.2326584,
"[2245, 3543]",-112.33035959999998,41.2326584,
"[2245, 3544]",-112.3123646,41.2326584,
"[2246, 3517]",-112.79822959999998,41.2506534,
"[2246, 3518]",-112.7802346,41.2506534,
"[2246, 3519]",-112.76223959999999,41.2506534,
"[2246, 3520]",-112.74424459999999,41.2506534,
"[2246, 3521]",-112.72624959999999,41.2506534,
"[2246, 3522]",-112.70825459999999,41.2506534,
"[2246, 3523]",-112.69025959999999,41.2506534,
"[2246, 3524]",-112.67226459999999,41.2506534,
"[2246, 3526]",-112.6362746,41.2506534,
"[2246, 3527]",-112.6182796,41.2506534,
"[2246, 3528]",-112.60028459999998,41.2506534,
"[2246, 3529]",-112.5822896,41.2506534,
"[2246, 3530]",-112.56429459999998,41.2506534,
"[2246, 3531]",-112.5462996,41.2506534,
"[2246, 3532]",-112.52830459999998,41.2506534,
"[2246, 3533]",-112.5103096,41.2506534,
"[2246, 3546]",-112.2763746,41.2506534,
"[2246, 3547]",-112.25837959999998,41.2506534,
"[2247, 3514]",-112.8522146,41.2686484,
"[2247, 3517]",-112.79822959999998,41.2686484,
"[2247, 3518]",-112.7802346,41.2686484,73.83
"[2247, 3519]",-112.76223959999999,41.2686484,73.83
"[2247, 3520]",-112.74424459999999,41.2686484,74.19
"[2247, 3521]",-112.72624959999999,41.2686484,73.83
"[2247, 3522]",-112.70825459999999,41.2686484,73.47
"[2247, 3523]",-112.69025959999999,41.2686484,
"[2247, 3524]",-112.67226459999999,41.2686484,
"[2247, 3525]",-112.65426959999999,41.2686484,
"[2247, 3526]",-112.6362746,41.2686484,73.11
"[2247, 3527]",-112.6182796,41.2686484,
"[2247, 3528]",-112.60028459999998,41.2686484,
"[2247, 3529]",-112.5822896,41.2686484,73.47
"[2247, 3530]",-112.56429459999998,41.2686484,
"[2247, 3531]",-112.5462996,41.2686484,
"[2247, 3532]",-112.52830459999998,41.2686484,
"[2247, 3533]",-112.5103096,41.2686484,
"[2247, 3545]",-112.29436959999998,41.2686484,
"[2247, 3546]",-112.2763746,41.2686484,
"[2248, 3508]",-112.96018459999999,41.2866434,
"[2248, 3515]",-112.83421959999998,41.2866434,
"[2248, 3516]",-112.8162246,41.2866434,
"[2248, 3517]",-112.79822959999998,41.2866434,
"[2248, 3518]",-112.7802346,41.2866434,73.83
"[2248, 3519]",-112.76223959999999,41.2866434,73.83
"[2248, 3520]",-112.74424459999999,41.2866434,73.83
"[2248, 3521]",-112.72624959999999,41.2866434,73.83
"[2248, 3522]",-112.70825459999999,41.2866434,73.83
"[2248, 3523]",-112.69025959999999,41.2866434,
"[2248, 3524]",-112.67226459999999,41.2866434,73.83
"[2248, 3525]",-112.65426959999999,41.2866434,
"[2248, 3526]",-112.6362746,41.2866434,73.47
"[2248, 3527]",-112.6182796,41.2866434,73.47
"[2248, 3528]",-112.60028459999998,41.2866434,
"[2248, 3529]",-112.5822896,41.2866434,73.47
"[2248, 3530]",-112.56429459999998,41.2866434,73.47
"[2248, 3531]",-112.5462996,41.2866434,
"[2248, 3532]",-112.52830459999998,41.2866434,
"[2248, 3533]",-112.5103096,41.2866434,
"[2249, 3509]",-112.94218959999999,41.3046384,
"[2249, 3514]",-112.8522146,41.3046384,
"[2249, 3515]",-112.83421959999998,41.3046384,
"[2249, 3516]",-112.8162246,41.3046384,
"[2249, 3517]",-112.79822959999998,41.3046384,73.83
"[2249, 3518]",-112.7802346,41.3046384,73.83
"[2249, 3519]",-112.76223959999999,41.3046384,73.83
"[2249, 3520]",-112.74424459999999,41.3046384,73.83
"[2249, 3521]",-112.72624959999999,41.3046384,73.83
"[2249, 3522]",-112.70825459999999,41.3046384,73.83
"[2249, 3523]",-112.69025959999999,41.3046384,73.83
"[2249, 3524]",-112.67226459999999,41.3046384,73.83
"[2249, 3525]",-112.65426959999999,41.3046384,73.47
"[2249, 3526]",-112.6362746,41.3046384,73.47
"[2249, 3527]",-112.6182796,41.3046384,
"[2249, 3528]",-112.60028459999998,41.3046384,
"[2249, 3529]",-112.5822896,41.3046384,
"[2249, 3530]",-112.56429459999998,41.3046384,
"[2249, 3531]",-112.5462996,41.3046384,
"[2249, 3532]",-112.52830459999998,41.3046384,
"[2249, 3533]",-112.5103096,41.3046384,
"[2249, 3545]",-112.29436959999998,41.3046384,
"[2250, 3509]",-112.94218959999999,41.3226334,
"[2250, 3511]",-112.90619959999998,41.3226334,
"[2250, 3513]",-112.87020959999998,41.3226334,
"[2250, 3514]",-112.8522146,41.3226334,
"[2250, 3515]",-112.83421959999998,41.3226334,
"[2250, 3516]",-112.8162246,41.3226334,
"[2250, 3517]",-112.79822959999998,41.3226334,73.47
"[2250, 3518]",-112.7802346,41.3226334,73.83
"[2250, 3519]",-112.76223959999999,41.3226334,73.83
"[2250, 3520]",-112.74424459999999,41.3226334,73.83
"[2250, 3521]",-112.72624959999999,41.3226334,73.83
"[2250, 3522]",-112.70825459999999,41.3226334,73.83
"[2250, 3523]",-112.69025959999999,41.3226334,74.19
"[2250, 3524]",-112.67226459999999,41.3226334,74.19
"[2250, 3525]",-112.65426959999999,41.3226334,
"[2250, 3526]",-112.6362746,41.3226334,
"[2250, 3527]",-112.6182796,41.3226334,
"[2250, 3528]",-112.60028459999998,41.3226334,
"[2250, 3529]",-112.5822896,41.3226334,73.47
"[2250, 3530]",-112.56429459999998,41.3226334,
"[2250, 3531]",-112.5462996,41.3226334,
"[2250, 3532]",-112.52830459999998,41.3226334,
"[2251, 3513]",-112.87020959999998,41.3406284,
"[2251, 3514]",-112.8522146,41.3406284,
"[2251, 3515]",-112.83421959999998,41.3406284,
"[2251, 3516]",-112.8162246,41.3406284,
"[2251, 3517]",-112.79822959999998,41.3406284,73.11
"[2251, 3518]",-112.7802346,41.3406284,73.47
"[2251, 3519]",-112.76223959999999,41.3406284,73.47
"[2251, 3520]",-112.74424459999999,41.3406284,73.83
"[2251, 3521]",-112.72624959999999,41.3406284,73.83
"[2251, 3522]",-112.70825459999999,41.3406284,74.19
"[2251, 3523]",-112.69025959999999,41.3406284,74.19
"[2251, 3524]",-112.67226459999999,41.3406284,74.19
"[2251, 3525]",-112.65426959999999,41.3406284,
"[2251, 3526]",-112.6362746,41.3406284,
"[2251, 3527]",-112.6182796,41.3406284,
"[2251, 3528]",-112.60028459999998,41.3406284,
"[2251, 3529]",-112.5822896,41.3406284,
"[2251, 3530]",-112.56429459999998,41.3406284,73.11
"[2251, 3531]",-112.5462996,41.3406284,
"[2251, 3532]",-112.52830459999998,41.3406284,73.11
"[2252, 3513]",-112.87020959999998,41.3586234,
"[2252, 3514]",-112.8522146,41.3586234,
"[2252, 3515]",-112.83421959999998,41.3586234,
"[2252, 3516]",-112.8162246,41.3586234,
"[2252, 3517]",-112.79822959999998,41.3586234,73.11
"[2252, 3518]",-112.7802346,41.3586234,73.11
"[2252, 3519]",-112.76223959999999,41.3586234,73.47
"[2252, 3520]",-112.74424459999999,41.3586234,73.47
"[2252, 3521]",-112.72624959999999,41.3586234,73.83
"[2252, 3522]",-112.70825459999999,41.3586234,74.19
"[2252, 3523]",-112.69025959999999,41.3586234,74.19
"[2252, 3524]",-112.67226459999999,41.3586234,74.19
"[2252, 3525]",-112.65426959999999,41.3586234,74.55
"[2252, 3526]",-112.6362746,41.3586234,74.55
"[2252, 3527]",-112.6182796,41.3586234,74.19
"[2252, 3528]",-112.60028459999998,41.3586234,73.83
"[2252, 3529]",-112.5822896,41.3586234,73.83
"[2252, 3530]",-112.56429459999998,41.3586234,73.11
"[2252, 3531]",-112.5462996,41.3586234,
"[2252, 3532]",-112.52830459999998,41.3586234,
"[2253, 3512]",-112.8882046,41.3766184,
"[2253, 3513]",-112.87020959999998,41.3766184,
"[2253, 3514]",-112.8522146,41.3766184,
"[2253, 3515]",-112.83421959999998,41.3766184,72.75
"[2253, 3516]",-112.8162246,41.3766184,
"[2253, 3517]",-112.79822959999998,41.3766184,72.75
"[2253, 3518]",-112.7802346,41.3766184,73.11
"[2253, 3519]",-112.76223959999999,41.3766184,73.47
"[2253, 3520]",-112.74424459999999,41.3766184,73.47
"[2253, 3521]",-112.72624959999999,41.3766184,73.83
"[2253, 3522]",-112.70825459999999,41.3766184,73.83
"[2253, 3523]",-112.69025959999999,41.3766184,74.19
"[2253, 3524]",-112.67226459999999,41.3766184,74.19
"[2253, 3525]",-112.65426959999999,41.3766184,74.55
"[2253, 3526]",-112.6362746,41.3766184,74.55
"[2253, 3527]",-112.6182796,41.3766184,
"[2253, 3528]",-112.60028459999998,41.3766184,
"[2253, 3529]",-112.5822896,41.3766184,
"[2253, 3530]",-112.56429459999998,41.3766184,73.47
"[2253, 3531]",-112.5462996,41.3766184,
"[2254, 3512]",-112.8882046,41.3946134,
"[2254, 3513]",-112.87020959999998,41.3946134,
"[2254, 3514]",-112.8522146,41.3946134,72.03
"[2254, 3515]",-112.83421959999998,41.3946134,72.39
"[2254, 3516]",-112.8162246,41.3946134,72.75
"[2254, 3517]",-112.79822959999998,41.3946134,72.75
"[2254, 3518]",-112.7802346,41.3946134,73.11
"[2254, 3519]",-112.76223959999999,41.3946134,73.11
"[2254, 3520]",-112.74424459999999,41.3946134,73.11
"[2254, 3521]",-112.72624959999999,41.3946134,73.47
"[2254, 3522]",-112.70825459999999,41.3946134,73.83
"[2254, 3523]",-112.69025959999999,41.3946134,74.19
"[2254, 3524]",-112.67226459999999,41.3946134,74.19
"[2254, 3525]",-112.65426959999999,41.3946134,74.55
"[2254, 3526]",-112.6362746,41.3946134,74.55
"[2254, 3527]",-112.6182796,41.3946134,74.55
"[2254, 3528]",-112.60028459999998,41.3946134,
"[2254, 3529]",-112.5822896,41.3946134,
"[2254, 3530]",-112.56429459999998,41.3946134,
"[2254, 3531]",-112.5462996,41.3946134,
"[2255, 3511]",-112.90619959999998,41.412608399999996,
"[2255, 3512]",-112.8882046,41.412608399999996,
"[2255, 3513]",-112.87020959999998,41.412608399999996,72.03
"[2255, 3514]",-112.8522146,41.412608399999996,72.03
"[2255, 3515]",-112.83421959999998,41.412608399999996,72.39
"[2255, 3516]",-112.8162246,41.412608399999996,72.39
"[2255, 3517]",-112.79822959999998,41.412608399999996,72.75
"[2255, 3518]",-112.7802346,41.412608399999996,72.75
"[2255, 3519]",-112.76223959999999,41.412608399999996,73.11
"[2255, 3520]",-112.74424459999999,41.412608399999996,73.11
"[2255, 3521]",-112.72624959999999,41.412608399999996,73.47
"[2255, 3522]",-112.70825459999999,41.412608399999996,73.83
"[2255, 3523]",-112.69025959999999,41.412608399999996,73.83
"[2255, 3524]",-112.67226459999999,41.412608399999996,74.19
"[2255, 3525]",-112.65426959999999,41.412608399999996,74.55
"[2255, 3526]",-112.6362746,41.412608399999996,74.55
"[2255, 3527]",-112.6182796,41.412608399999996,74.91
"[2255, 3528]",-112.60028459999998,41.412608399999996,74.55
"[2255, 3529]",-112.5822896,41.412608399999996,
"[2255, 3530]",-112.56429459999998,41.412608399999996,
"[2255, 3531]",-112.5462996,41.412608399999996,
"[2256, 3511]",-112.90619959999998,41.4306034,
"[2256, 3512]",-112.8882046,41.4306034,
"[2256, 3513]",-112.87020959999998,41.4306034,72.03
"[2256, 3514]",-112.8522146,41.4306034,72.03
"[2256, 3515]",-112.83421959999998,41.4306034,72.39
"[2256, 3516]",-112.8162246,41.4306034,72.39
"[2256, 3517]",-112.79822959999998,41.4306034,72.75
"[2256, 3518]",-112.7802346,41.4306034,72.75
"[2256, 3519]",-112.76223959999999,41.4306034,73.11
"[2256, 3520]",-112.74424459999999,41.4306034,73.11
"[2256, 3521]",-112.72624959999999,41.4306034,73.47
"[2256, 3522]",-112.70825459999999,41.4306034,73.47
"[2256, 3523]",-112.69025959999999,41.4306034,73.83
"[2256, 3524]",-112.67226459999999,41.4306034,74.19
"[2256, 3526]",-112.6362746,41.4306034,74.91
"[2256, 3527]",-112.6182796,41.4306034,75.27
"[2256, 3528]",-112.60028459999998,41.4306034,
"[2256, 3529]",-112.5822896,41.4306034,
"[2256, 3530]",-112.56429459999998,41.4306034,
"[2257, 3510]",-112.92419459999999,41.4485984,
"[2257, 3511]",-112.90619959999998,41.4485984,
"[2257, 3512]",-112.8882046,41.4485984,71.67
"[2257, 3513]",-112.87020959999998,41.4485984,71.67
"[2257, 3514]",-112.8522146,41.4485984,72.03
"[2257, 3515]",-112.83421959999998,41.4485984,72.03
"[2257, 3516]",-112.8162246,41.4485984,72.39
"[2257, 3517]",-112.79822959999998,41.4485984,72.75
"[2257, 3518]",-112.7802346,41.4485984,72.75
"[2257, 3519]",-112.76223959999999,41.4485984,73.11
"[2257, 3520]",-112.74424459999999,41.4485984,73.11
"[2257, 3521]",-112.72624959999999,41.4485984,73.11
"[2257, 3522]",-112.70825459999999,41.4485984,
"[2257, 3523]",-112.69025959999999,41.4485984,73.83
"[2257, 3524]",-112.67226459999999,41.4485984,
"[2258, 3511]",-112.90619959999998,41.4665934,
"[2258, 3512]",-112.8882046,41.4665934,71.67
"[2258, 3513]",-112.87020959999998,41.4665934,71.67
"[2258, 3514]",-112.8522146,41.4665934,72.03
"[2258, 3515]",-112.83421959999998,41.4665934,72.03
"[2258, 3516]",-112.8162246,41.4665934,72.39
"[2258, 3517]",-112.79822959999998,41.4665934,72.39
"[2258, 3518]",-112.7802346,41.4665934,72.75
"[2258, 3519]",-112.76223959999999,41.4665934,73.11
"[2258, 3520]",-112.74424459999999,41.4665934,73.11
"[2258, 3521]",-112.72624959999999,41.4665934,73.11
"[2258, 3522]",-112.70825459999999,41.4665934,
"[2259, 3510]",-112.92419459999999,41.4845884,
"[2259, 3511]",-112.90619959999998,41.4845884,
"[2259, 3512]",-112.8882046,41.4845884,71.67
"[2259, 3513]",-112.87020959999998,41.4845884,71.67
"[2259, 3514]",-112.8522146,41.4845884,72.03
"[2259, 3515]",-112.83421959999998,41.4845884,72.03
"[2259, 3516]",-112.8162246,41.4845884,72.39
"[2259, 3517]",-112.79822959999998,41.4845884,72.39
"[2259, 3518]",-112.7802346,41.4845884,
"[2259, 3519]",-112.76223959999999,41.4845884,72.75
"[2259, 3520]",-112.74424459999999,41.4845884,73.11
"[2259, 3521]",-112.72624959999999,41.4845884,
"[2260, 3511]",-112.90619959999998,41.5025834,
"[2260, 3512]",-112.8882046,41.5025834,71.67
"[2260, 3513]",-112.87020959999998,41.5025834,72.03
"[2260, 3514]",-112.8522146,41.5025834,72.03
"[2260, 3515]",-112.83421959999998,41.5025834,72.03
"[2260, 3516]",-112.8162246,41.5025834,72.39
"[2260, 3517]",-112.79822959999998,41.5025834,72.39
"[2260, 3518]",-112.7802346,41.5025834,
"[2260, 3519]",-112.76223959999999,41.5025834,73.11
"[2260, 3520]",-112.74424459999999,41.5025834,73.11
"[2261, 3510]",-112.92419459999999,41.5205784,
"[2261, 3511]",-112.90619959999998,41.5205784,
"[2261, 3512]",-112.8882046,41.5205784,71.67
"[2261, 3513]",-112.87020959999998,41.5205784,71.67
"[2261, 3514]",-112.8522146,41.5205784,72.03
"[2261, 3515]",-112.83421959999998,41.5205784,72.03
"[2261, 3516]",-112.8162246,41.5205784,72.39
"[2261, 3517]",-112.79822959999998,41.5205784,72.39
"[2261, 3518]",-112.7802346,41.5205784,72.75
"[2261, 3519]",-112.76223959999999,41.5205784,73.11
"[2262, 3510]",-112.92419459999999,41.5385734,
"[2262, 3511]",-112.90619959999998,41.5385734,
"[2262, 3512]",-112.8882046,41.5385734,71.67
"[2262, 3513]",-112.87020959999998,41.5385734,71.67
"[2262, 3514]",-112.8522146,41.5385734,72.03
"[2262, 3515]",-112.83421959999998,41.5385734,72.03
"[2262, 3516]",-112.8162246,41.5385734,72.39
"[2262, 3517]",-112.79822959999998,41.5385734,72.39
"[2262, 3518]",-112.7802346,41.5385734,72.75
"[2263, 3511]",-112.90619959999998,41.556568399999996,
"[2263, 3512]",-112.8882046,41.556568399999996,71.67
"[2263, 3513]",-112.87020959999998,41.556568399999996,71.67
"[2263, 3514]",-112.8522146,41.556568399999996,72.03
"[2263, 3515]",-112.83421959999998,41.556568399999996,72.03
"[2263, 3516]",-112.8162246,41.556568399999996,72.39
"[2263, 3517]",-112.79822959999998,41.556568399999996,72.39
"[2263, 3518]",-112.7802346,41.556568399999996,72.75
"[2264, 3511]",-112.90619959999998,41.5745634,
"[2264, 3512]",-112.8882046,41.5745634,
"[2264, 3513]",-112.87020959999998,41.5745634,71.67
"[2264, 3514]",-112.8522146,41.5745634,72.03
"[2264, 3515]",-112.83421959999998,41.5745634,72.03
"[2264, 3516]",-112.8162246,41.5745634,72.39
"[2264, 3517]",-112.79822959999998,41.5745634,72.39
"[2264, 3518]",-112.7802346,41.5745634,72.39
"[2265, 3512]",-112.8882046,41.5925584,
"[2265, 3513]",-112.87020959999998,41.5925584,
"[2265, 3514]",-112.8522146,41.5925584,72.03
"[2265, 3515]",-112.83421959999998,41.5925584,72.03
"[2265, 3516]",-112.8162246,41.5925584,72.39
"[2265, 3517]",-112.79822959999998,41.5925584,72.39
"[2265, 3518]",-112.7802346,41.5925584,
"[2266, 3513]",-112.87020959999998,41.6105534,
"[2266, 3514]",-112.8522146,41.6105534,72.03
"[2266, 3515]",-112.83421959999998,41.6105534,72.03
"[2266, 3516]",-112.8162246,41.6105534,72.39
"[2266, 3517]",-112.79822959999998,41.6105534,72.39
"[2266, 3518]",-112.7802346,41.6105534,72.39
"[2266, 3519]",-112.76223959999999,41.6105534,
"[2267, 3513]",-112.87020959999998,41.6285484,
"[2267, 3514]",-112.8522146,41.6285484,72.39
"[2267, 3515]",-112.83421959999998,41.6285484,72.39
"[2267, 3516]",-112.8162246,41.6285484,72.39
"[2267, 3517]",-112.79822959999998,41.6285484,72.39
"[2267, 3518]",-112.7802346,41.6285484,72.39
"[2267, 3519]",-112.76223959999999,41.6285484,
"[2268, 3514]",-112.8522146,41.6465434,
"[2268, 3515]",-112.83421959999998,41.6465434,72.39
"[2268, 3516]",-112.8162246,41.6465434,72.39
"[2268, 3517]",-112.79822959999998,41.6465434,72.39
"[2268, 3518]",-112.7802346,41.6465434,72.39
"[2268, 3519]",-112.76223959999999,41.6465434,
"[2269, 3517]",-112.79822959999998,41.6645384,
"[2269, 3518]",-112.7802346,41.6645384,
"[2269, 3519]",-112.76223959999999,41.6645384,
"[2269, 3520]",-112.74424459999999,41.6645384,
"[2270, 3518]",-112.7802346,41.6825334,
"[2270, 3519]",-112.76223959999999,41.6825334,
